CASE 1
21
12
0 1 6
1 4 5
6 11 15
4 9 2
5 7 -1
11 -1 -1
15 -1 -1
9 -1 -1
 2 -1 -1
7 3 8
3 -1 -1
8 -1 -1

0 6 15
0 1 5 7 8
CASE 2
21
8
0 1 6
1 4 5
6 11 15
4 9 2
5 7 -1
11 -1 -1
15 -1 -1
9 -1 -1
2 -1 -1
7 3 8
3 -1 -1
8 -1 -1

ERROR
CASE 3
A
3
0 1 2

ERROR
CASE 4
10
7
0 1 2
1 4 5
2 6 7
4 -1 -1
5 -1 -1
6 -1 -1
7 -1 -1

NULL
CASE 5
1
1
0 -1 -1

NULL
CASE 6
8
7
0 1 2
1 4 5
2 6 7
4 -1 -1
5 -1 -1
6 -1 -1
7 -1 -1
(这里还有一行)

0 2 6
CASE 7
2
21
0 1 2
1 -1 -1
2 -1 -1

ERROR


